"*" 4 0 64 | (7,9) (54,48) | (51,9) (13,53) | (29,0) (33,62) | # '*'
"+" 4 0 64 | (0,31) (60,32) | (29,0) (31,62) | # '+'
"+" 4 0 64 | (34,0) (38,63) | (6,32) (52,26) | # '+' ïMèáà·Ç¢
"-" 4 0 64 | (1,32) (62,32) | # '-'
"0" 1 0 64 | (24,1) (11,15) (17,52) (36,63) (51,37) (43,3) (24,0) | # '0'
"0" 1 0 64 | (32,1) (43,8) (50,27) (42,62) (26,61) (14,39) (12,19) (28,3) | # '0' ãté¸ÇË
"0" 1 0 64 | (31,4) (17,22) (19,50) (32,59) (45,50) (44,11) (32,2) | (48,0) (15,62) | # '0' éŒê¸ïtÇ´
"1" 1 0 64 | (31,0) (32,62) | # '1' ècñ_
"1" 1 0 64 | (22,10) (36,0) (40,63) | # '1' è¸ÇËïtÇ´
"1" 1 0 64 | (18,17) (33,0) (33,54) | (24,63) (42,63) | # '1' 2âÊ
"2" 1 0 64 | (18,19) (13,7) (30,0) (47,21) (13,63) (50,62) | # '2'
"3" 1 0 64 | (16,11) (24,0) (44,5) (46,24) (26,28) (51,50) (32,63) (11,52) | # '3'
"4" 1 0 64 | (33,0) (12,44) (50,44) | (34,9) (36,63) | # '4'
"4" 1 0 64 | (57,38) (4,40) (29,0) (37,63) | # '4' àÍïM
"5" 1 0 64 | (14,0) (15,35) (33,30) (48,45) (37,63) (17,55) | (16,12) (44,12) | # '5'
"5" 1 0 64 | (15,2) (49,0) | (12,2) (16,31) (34,28) (50,44) (36,63) (14,57) | # '5' ïMèáà·Ç¢
"6" 1 0 64 | (29,0) (19,30) (20,55) (29,63) (44,51) (37,36) (19,38) | # '6'
"6" 1 0 64 | (42,9) (37,0) (20,4) (14,44) (31,63) (49,54) (43,34) (18,36) | # '6' éöëÃÉoÉäÉGÅ[ÉVÉáÉì
"7" 1 0 64 | (13,0) (15,17) | (19,4) (50,3) (34,63) | # '7'
"7" 1 0 64 | (10,1) (53,0) (25,62) | # '7' àÍïM
"7" 1 0 64 | (14,1) (49,1) (24,62) | (25,28) (39,37) | # '7' éŒê¸ïtÇ´
"8" 1 0 64 | (39,11) (23,0) (14,16) (44,37) (48,53) (37,63) (19,58) (16,38) (43,17) | # '8'
"8" 1 0 64 | (39,21) (45,12) (39,1) (20,7) (21,23) (44,46) (40,62) (28,61) (22,42) (40,19) | # '8' èëÇ´èoÇµà íuà·Ç¢
"8" 1 0 64 | (24,27) (16,12) (20,1) (35,4) (39,17) (20,37) (23,62) (46,52) (31,30) | # '8' ãté¸ÇË
"9" 1 0 64 | (46,16) (32,0) (15,12) (24,31) (46,19) (36,61) | # '9'
"9" 1 0 64 | (46,15) (43,28) (29,29) (18,22) (15,8) (33,0) (45,10) (38,62) | # '9' ïMèáà·Ç¢
"<" 4 0 64 | (61,11) (0,31) (61,50) | # '<'
"=" 4 0 64 | (0,21) (61,19) | (0,43) (60,42) | # '='
">" 4 0 64 | (0,8) (63,30) (0,54) | # '>'
"a" 2 0 64 | (45,18) (34,0) (15,5) (6,20) (4,49) (10,60) (25,59) (41,24) (42,39) (58,62) | # 'a'
"b" 2 0 64 | (15,0) (18,58) (16,44) (29,33) (39,36) (47,52) (32,63) (17,56) | # 'b'
"b" 2 0 64 | (19,0) (22,60) | (22,36) (43,45) (36,62) (23,61) | # 'b' 2âÊ
"b" 2 0 64 | (12,56) (29,40) (34,0) (23,53) (29,63) (35,58) (32,46) (49,52) | # 'b' ïMãLëÃ
"c" 2 0 64 | (55,18) (44,4) (23,0) (7,15) (6,34) (16,54) (35,63) (56,49) | # 'c'
"d" 2 0 64 | (35,41) (21,26) (7,38) (20,63) (32,52) (35,0) (40,55) (52,60) | # 'd'
"d" 2 0 64 | (40,28) (19,25) (10,41) (27,56) (41,46) | (46,0) (42,44) (52,61) | # 'd' 2âÊ
"e" 2 0 64 | (10,31) (51,27) (52,14) (40,3) (23,2) (7,16) (5,44) (26,62) (59,56) | # 'e'
"f" 2 0 64 | (46,22) (39,2) (25,5) (36,49) (28,62) | (14,35) (43,36) | # 'f'
"f" 2 0 64 | (18,39) (40,19) (39,0) (28,56) (37,62) (32,33) (43,34) | # 'f' ïMãLëÃ
"g" 2 0 64 | (39,13) (36,2) (24,0) (15,16) (24,24) (41,9) (38,56) (24,62) (23,44) (46,26) | # 'g'
"g" 2 0 64 | (28,0) (34,5) (15,13) (16,27) (38,25) (47,16) (41,8) | (24,32) (20,40) (47,42) (51,54) (21,62) (11,51) (21,42) | # 'g' 2âÊ
"h" 2 0 64 | (17,0) (19,62) (25,33) (32,34) (34,53) (43,62) | # 'h'
"i" 2 0 64 | (26,0) (33,5) | (31,20) (35,60) | # 'i'
"i" 2 0 64 | (31,21) (31,62) | (26,0) (37,9) | # 'i' ïMèáà·Ç¢
"i" 2 0 64 | (19,24) (34,14) (29,56) (36,63) (44,51) | (29,1) (40,10) | # 'i' è¸ÇËóLÇË
"i" 2 0 64 | (25,0) (33,6) | (19,22) (29,19) (28,57) (41,60) | # 'i' è¸ÇËóLÇËïMèáà·Ç¢
"i" 2 0 64 | (12,60) (40,16) (32,54) (40,63) (51,54) | (41,1) (48,6) | # 'i' ïMãLëÃ
"j" 2 0 64 | (32,0) (38,6) | (38,17) (40,57) (28,62) (20,52) | # 'j'
"j" 2 0 64 | (23,18) (36,11) (37,40) (31,63) (21,60) (21,44) (43,30) | (26,0) (40,8) | # 'j' è¸ÇËóLÇË
"j" 2 0 64 | (26,0) (35,5) | (20,19) (35,20) (38,52) (29,63) (27,47) (42,33) | # 'j' è¸ÇËóLÇËïMèáà·Ç¢
"k" 2 0 64 | (21,0) (22,60) | (41,30) (18,42) (43,60) | # 'k'
"k" 2 0 64 | (17,0) (18,60) | (35,31) (17,50) | (27,46) (47,63) | # 'k' 3âÊ
"k" 2 0 64 | (8,27) (32,18) (34,1) (23,3) (20,13) (22,63) (21,36) (39,25) (41,36) (22,39) (39,58) (53,57) | # 'k' ïMãLëÃ
"l" 2 0 64 | (17,61) (38,20) (33,0) (29,47) (44,62) | # 'l'
"m" 2 0 64 | (2,0) (4,62) (8,23) (20,5) (27,17) (27,55) (29,23) (43,4) (58,59) | # 'm'
"m" 2 0 64 | (0,21) (4,8) (16,9) (18,53) (18,21) (30,11) (38,56) (35,25) (48,12) (58,51) (63,50) | # 'm' è¸ÇËóLÇË
"n" 2 0 64 | (3,2) (9,62) (13,21) (38,0) (48,6) (58,58) | # 'n'
"n" 2 0 64 | (0,18) (3,3) (19,7) (17,59) (29,13) (44,10) (50,53) (63,58) | # 'n' è¸ÇËïtÇ´
"o" 2 0 64 | (29,0) (10,9) (1,30) (5,45) (25,63) (51,56) (61,36) (47,9) (29,0) (19,9) (26,22) (59,17) | # 'o' è¸ÇËïtÇ´
"o" 2 0 64 | (31,12) (3,20) (0,34) (11,47) (44,51) (63,31) (54,16) (31,10) | # 'o' â°í∑
"p" 2 0 64 | (19,0) (29,60) | (22,9) (24,3) (36,6) (44,19) (34,30) (21,30) | # 'p'
"p" 2 0 64 | (17,0) (26,63) (20,20) (36,3) (45,10) (36,34) (21,33) | # 'p' 1âÊ
"q" 2 0 64 | (39,16) (37,1) (27,0) (17,21) (27,26) (36,18) (29,37) (34,62) (41,63) (44,53) (36,32) (44,32) | # 'q'
"q" 2 0 64 | (40,11) (24,0) (9,16) (21,30) (41,26) | (44,7) (51,63) | # 'q' 2âÊ
"r" 2 0 64 | (9,0) (15,63) (21,15) (36,10) (53,15) | # 'r'
"r" 2 0 64 | (0,57) (9,52) (33,2) (32,19) (50,27) (46,54) (63,57) | # 'r' ïMãLëÃ
"s" 2 0 64 | (47,18) (41,2) (19,1) (12,13) (16,26) (44,35) (49,48) (34,63) (17,60) (12,48) | # 's'
"s" 2 0 64 | (0,56) (34,4) (29,24) (47,30) (52,46) (38,57) (13,51) (24,58) (62,53) | # 's' ïMãLëÃ
"t" 2 0 64 | (11,20) (49,13) | (35,0) (27,45) (32,59) (42,63) (48,56) | # 't'
"t" 2 0 64 | (32,0) (23,56) (34,63) (51,49) | (12,23) (47,21) | # 't' ïMèáà·Ç¢
"t" 2 0 64 | (11,62) (33,21) (36,0) (29,50) (35,62) (55,53) | (6,23) (52,22) | # 't' ïMãLëÃ
"u" 2 0 64 | (6,0) (8,52) (22,62) (30,57) (46,1) (48,46) (59,60) | # 'u'
"u" 2 0 64 | (1,20) (2,4) (17,2) (14,54) (28,61) (52,1) (45,38) (49,52) (62,58) | # 'u' è¸ÇËóLÇË
"v" 2 0 64 | (6,5) (36,62) (55,0) | # 'v'
"v" 2 0 64 | (0,21) (12,15) (25,51) (61,11) | # 'v' ïMãLëÃ
"w" 2 0 64 | (0,7) (24,54) (32,10) (54,56) (60,7) | # 'w'
"w" 2 0 64 | (6,4) (0,30) (10,56) (22,48) (25,32) (36,53) (53,54) (62,30) (47,10) | # 'w' è_ÇÁÇ©
"w" 2 0 64 | (0,18) (7,11) (13,15) (10,40) (21,52) (32,40) (33,23) (40,47) (57,46) (61,32) (53,10) (63,14) | # 'w' ïMãLëÃ
"x" 2 0 64 | (4,0) (55,49) | (49,1) (13,59) | # 'x'
"x" 2 0 64 | (49,1) (14,60) | (4,7) (55,61) | # 'x' ïMèáà·Ç¢
"x" 2 0 64 | (0,3) (18,8) (32,25) (31,38) (3,56) | (51,6) (30,32) (31,50) (41,57) (62,53) | # 'x' ïMãLëÃ
"y" 2 0 64 | (17,0) (33,23) | (45,4) (18,63) | # 'y'
"y" 2 0 64 | (49,0) (16,62) | (13,5) (33,28) | # 'y' ïMèáà·Ç¢
"y" 2 0 64 | (11,9) (15,0) (23,4) (29,32) (44,13) (46,55) (34,63) (21,60) (28,44) (52,30) | # 'y' ïMãLëÃ
"z" 2 0 64 | (8,3) (54,0) (9,59) (53,61) | (20,27) (41,43) | # 'z' éŒê¸ïtÇ´
"z" 2 0 64 | (16,4) (34,3) (25,23) (34,22) (38,33) (32,56) (22,62) (24,43) (45,26) | # 'z' ïMãLëÃ
"Ç†" 8 0 64 | (7,21) (40,5) | (29,0) (28,51) | (39,23) (28,52) (14,50) (22,30) (40,26) (56,43) (47,63) | # 'Ç†'
"Ç¢" 8 0 64 | (1,10) (2,39) (15,52) | (47,22) (62,38) | # 'Ç¢'
"Ç§" 8 0 64 | (27,0) (40,8) | (13,30) (29,21) (49,27) (47,45) (27,61) | # 'Ç§'
"Ç¶" 8 0 64 | (16,0) (29,10) | (10,26) (29,23) (9,63) (20,50) (34,61) (53,52) | # 'Ç¶'
"Ç®" 8 0 64 | (0,18) (24,5) | (21,0) (23,61) (14,53) (31,36) (53,31) (63,48) (47,62) | (50,13) (61,19) | # 'Ç®'
"Ç©" 8 0 64 | (0,24) (35,25) (36,42) (22,57) | (21,0) (11,59) | (40,20) (62,43) | # 'Ç©'
"Ç´" 8 0 64 | (17,13) (36,5) | (19,30) (44,13) | (28,0) (42,32) | (22,51) (28,60) (41,61) | # 'Ç´'
"Ç≠" 8 0 64 | (40,0) (21,28) (40,61) | # 'Ç≠'
"ÇØ" 8 0 64 | (9,9) (8,48) | (26,24) (54,21) | (32,0) (41,42) (29,61) | # 'ÇØ'
"Ç±" 8 0 64 | (8,3) (39,7) | (11,54) (31,62) (54,48) | # 'Ç±'
"Ç≥" 8 0 64 | (4,22) (54,6) | (32,0) (54,29) | (25,53) (38,63) (57,59) | # 'Ç≥'
"Çµ" 8 0 64 | (8,0) (9,43) (18,61) (39,58) (53,40) | # 'Çµ'
"Ç∑" 8 0 64 | (9,20) (52,9) | (42,0) (44,30) (39,38) (31,34) (36,26) (44,29) (45,62) | # 'Ç∑'
"Çπ" 8 0 64 | (1,36) (30,17) (56,11) | (40,1) (38,37) | (16,16) (24,56) (37,60) (61,53) | # 'Çπ'
"Çª" 8 0 64 | (18,5) (44,0) (7,41) (54,20) (37,45) (39,57) (51,62) | # 'Çª'
"ÇΩ" 8 0 64 | (0,18) (28,9) | (22,0) (13,60) | (28,32) (47,29) | (35,49) (45,56) (62,50) | # 'ÇΩ'
"Çø" 8 0 64 | (5,21) (55,8) | (33,1) (18,38) (38,30) (55,42) (44,60) (27,62) | # 'Çø'
"Ç¬" 8 0 64 | (0,34) (40,13) (56,14) (61,29) (44,50) | # 'Ç¬'
"Çƒ" 8 0 64 | (7,24) (55,0) (37,38) (48,63) | # 'Çƒ'
"Ç∆" 8 0 64 | (5,1) (19,26) | (43,13) (21,29) (9,52) (29,63) (57,49) | # 'Ç∆'
"Ç»" 8 0 64 | (3,16) (29,6) | (26,0) (16,47) | (42,14) (57,26) | (47,29) (51,60) (32,56) (34,45) (60,56) | # 'Ç»'
"Ç…" 8 0 64 | (6,0) (2,63) | (22,18) (56,14) | (26,52) (42,60) (62,52) | # 'Ç…'
"Ç " 8 0 64 | (8,3) (16,51) | (33,4) (21,39) (10,53) (0,52) (11,25) (41,15) (53,26) (53,53) (37,57) (41,47) (62,53) | # 'Ç '
"ÇÀ" 8 0 64 | (16,1) (18,57) | (0,30) (14,23) (7,56) (23,29) (53,23) (52,59) (36,54) (45,47) (62,56) | # 'ÇÀ'
"ÇÃ" 8 0 64 | (21,10) (14,54) (2,45) (12,16) (49,5) (62,21) (63,36) (47,56) | # 'ÇÃ'
"ÇÕ" 8 0 64 | (4,5) (4,60) | (21,14) (52,10) | (43,0) (54,54) (46,63) (25,55) (31,47) (61,55) | # 'ÇÕ'
"Ç–" 8 0 64 | (0,20) (24,6) (12,34) (20,56) (34,49) (43,20) (63,27) | # 'Ç–'
"Ç”" 8 0 64 | (8,3) (27,12) (17,25) (32,40) (27,55) (14,53) | (3,34) (2,59) | (42,36) (62,59) | # 'Ç”'
"Ç÷" 8 0 64 | (0,41) (13,8) (63,52) | # 'Ç÷'
"ÇŸ" 8 0 64 | (0,3) (7,57) | (18,6) (48,3) | (19,27) (45,19) | (37,7) (46,56) (35,60) (23,49) (22,43) (42,42) (62,53) | # 'ÇŸ'
"Ç‹" 8 0 64 | (10,10) (44,8) | (18,27) (41,21) | (32,0) (39,58) (28,62) (14,47) (34,42) (52,53) | # 'Ç‹'
"Ç›" 8 0 64 | (0,11) (22,3) (23,28) (11,58) (5,45) (17,29) (62,25) | (47,3) (54,34) (46,60) | # 'Ç›'
"Çﬁ" 8 0 64 | (0,23) (26,14) | (23,4) (23,41) (16,45) (14,35) (21,33) (24,52) (42,59) (54,44) | (48,21) (62,32) | # 'Çﬁ'
"Çﬂ" 8 0 64 | (12,1) (23,49) | (35,6) (19,53) (10,60) (3,51) (13,27) (45,18) (59,33) (51,62) | # 'Çﬂ'
"Ç‡" 8 0 64 | (26,0) (28,61) (41,61) (50,44) | (13,20) (37,17) | (13,38) (39,33) | # 'Ç‡'
"Ç‚" 8 0 64 | (6,32) (25,17) (52,11) (55,27) (43,35) | (40,1) (39,12) | (16,9) (36,59) | # 'Ç‚'
"ÇÓ" 8 0 64 | (5,9) (32,0) (17,55) (7,62) (7,37) (32,24) (48,29) (54,41) (46,60) (34,59) (41,49) (59,54) | # 'ÇÓ'
"Ç‰" 8 0 64 | (9,6) (12,42) (14,23) (25,14) (42,14) (53,23) (51,38) (37,42) | (29,0) (36,28) (30,63) | # 'Ç‰'
"ÇÔ" 8 0 64 | (8,7) (27,0) (12,29) (23,17) (37,22) (29,37) (20,35) (27,32) (26,40) (6,63) (21,48) (28,58) (34,48) (55,59) | # 'ÇÔ'
"ÇÊ" 8 0 64 | (24,14) (45,10) | (24,0) (33,57) (22,63) (9,53) (9,46) (20,44) (53,57) | # 'ÇÊ'
"ÇÁ" 8 0 64 | (21,0) (38,18) | (25,20) (19,37) (36,34) (46,48) (36,63) (17,52) | # 'ÇÁ'
"ÇË" 8 0 64 | (21,1) (20,30) | (37,17) (45,44) (30,61) | # 'ÇË'
"ÇÈ" 8 0 64 | (14,7) (36,0) (11,42) (20,30) (41,27) (51,46) (41,62) (29,60) (31,52) (47,54) | # 'ÇÈ'
"ÇÍ" 8 0 64 | (20,0) (22,59) | (1,32) (21,18) (8,59) (51,15) (39,42) (48,62) (61,63) | # 'ÇÍ'
"ÇÎ" 8 0 64 | (16,8) (41,0) (12,40) (30,24) (50,31) (47,52) (29,60) | # 'ÇÎ'
"ÇÌ" 8 0 64 | (21,0) (25,54) | (3,29) (17,24) (12,57) (12,45) (30,27) (44,19) (56,26) (57,50) (44,61) | # 'ÇÌ'
"Ç" 8 0 64 | (11,19) (46,6) | (30,0) (21,25) (32,26) (35,39) | (43,24) (21,58) (32,63) (53,54) | # 'Ç'
"ÇÒ" 8 0 64 | (18,0) (2,63) (14,42) (33,60) (58,43) | # 'ÇÒ'
"Åô" 16 0 64 | (34,0) (11,63) (61,25) (1,25) (60,60) (32,1) | # 'Åô'
"Åá" 16 0 64 | (0,35) (4,20) (19,18) (49,47) (63,34) (57,18) (42,18) (15,44) (2,36) | # 'Åá'
"Ç™" 8 0 64 | (0,24) (35,25) (36,42) (22,57) | (21,0) (11,59) | (40,20) (62,43) | (41,14) (50,27) | (51,9) (59,25) | # 'Ç™'
"Ç¨" 8 0 64 | (0,17) (41,9) | (19,25) (40,20) | (26,5) (40,33) | (15,48) (22,59) (41,51) | (48,16) (55,26) | (55,13) (63,27) | # 'Ç¨'
"ÇÆ" 8 0 64 | (34,0) (3,36) (37,61) | (41,7) (50,16) | (50,2) (58,14) | # 'ÇÆ'
"Ç∞" 8 0 64 | (9,7) (10,45) | (22,28) (48,25) | (30,0) (38,25) (29,62) | (44,9) (49,16) | (50,5) (56,17) | # 'Ç∞'
"Ç≤" 8 0 64 | (4,4) (19,1) (33,9) | (6,51) (20,63) (45,54) | (46,2) (51,11) | (52,0) (58,11) | # 'Ç≤'
"Ç¥" 8 0 64 | (1,24) (46,8) | (26,4) (44,30) | (17,53) (27,60) (43,53) | (51,5) (58,16) | (56,2) (62,11) | # 'Ç¥'
"Ç∂" 8 0 64 | (11,0) (10,42) (17,61) (32,60) (46,46) | (36,13) (43,23) | (44,11) (52,19) | # 'Ç∂'
"Ç∏" 8 0 64 | (0,25) (45,12) | (33,4) (35,33) (28,40) (21,35) (26,28) (33,31) (35,58) | (52,14) (56,23) | (58,11) (63,22) | # 'Ç∏'
"Ç∫" 8 0 64 | (0,38) (49,16) | (39,8) (39,33) | (20,17) (17,40) (24,55) (54,48) | (45,8) (54,20) | (55,8) (61,19) | # 'Ç∫'
"Çº" 8 0 64 | (18,5) (44,0) (7,41) (54,20) (37,45) (39,57) (51,62) | (45,16) (56,30) | (55,13) (61,26) | # 'Çº'
"Çæ" 8 0 64 | (0,22) (28,11) | (22,3) (16,15) (18,58) | (32,34) (51,33) | (36,55) (44,61) (59,52) | (51,17) (56,25) | (58,14) (63,23) | # 'Çæ'
"Ç¿" 8 0 64 | (1,20) (44,6) | (25,0) (12,38) (30,31) (47,40) (43,55) (25,58) | (48,18) (52,24) | (55,12) (63,24) | # 'Ç¿'
"Ç√" 8 0 64 | (0,44) (26,25) (44,23) (53,36) (41,49) | (51,15) (55,25) | (58,11) (63,24) | # 'Ç√'
"Ç≈" 8 0 64 | (0,26) (44,5) (30,42) (32,53) (46,53) | (51,11) (57,20) | (58,7) (63,17) | # 'Ç≈'
"Ç«" 8 0 64 | (3,0) (18,25) | (41,9) (16,29) (7,55) (16,62) (47,50) | (43,1) (51,16) | (54,2) (60,14) | # 'Ç«'
"ÇŒ" 8 0 64 | (2,11) (7,56) | (17,20) (45,13) | (36,4) (45,55) (33,59) (21,44) (33,40) (53,48) | (51,10) (58,19) | (57,8) (62,21) | # 'ÇŒ'
"Ç—" 8 0 64 | (0,19) (28,5) (13,36) (18,58) (38,51) (45,27) (58,34) | (51,13) (57,19) | (57,11) (62,18) | # 'Ç—'
"Ç‘" 8 0 64 | (18,5) (32,16) (31,27) (23,25) (38,49) (32,59) (13,45) | (2,35) (1,57) | (46,37) (61,58) | (50,15) (55,22) | (56,11) (62,24) | # 'Ç‘'
"Ç◊" 8 0 64 | (0,45) (13,8) (61,53) | (41,8) (49,19) | (50,5) (57,19) | # 'Ç◊'
"Ç⁄" 8 0 64 | (0,2) (5,58) | (16,4) (42,1) | (15,22) (43,16) | (37,5) (45,56) (33,62) (21,48) (36,42) (54,53) | (51,7) (58,17) | (57,1) (63,15) | # 'Ç⁄'
"Çœ" 8 0 64 | (0,8) (4,59) | (13,21) (45,13) | (37,2) (41,56) (32,61) (19,46) (30,42) (50,50) | (51,5) (50,13) (61,12) (63,6) (53,2) | # 'Çœ'
"Ç“" 8 0 64 | (0,21) (25,1) (12,38) (18,61) (31,51) (40,25) (55,32) | (52,6) (48,16) (59,20) (63,12) (53,5) | # 'Ç“'
"Ç’" 8 0 64 | (17,8) (36,16) (35,29) (25,28) (40,47) (31,54) (16,50) | (0,32) (4,56) | (48,40) (62,55) | (52,10) (51,21) (63,17) (50,9) | # 'Ç’'
"Çÿ" 8 0 64 | (1,37) (6,5) (61,60) | (43,0) (34,11) (43,18) (54,7) (41,0) | # 'Çÿ'
"Ç€" 8 0 64 | (4,0) (4,59) | (18,3) (45,2) | (20,24) (45,18) | (40,9) (45,54) (35,62) (18,54) (20,46) (34,45) (53,55) | (53,5) (55,17) (63,10) (59,1) (53,3) | # 'Ç€'
